object={
	name="iceberg_generator_1_0"
	clamp_to_water_level=yes
	render_under_water=yes
	generated_content=yes
	layer="semidynamic"
	pdxmesh="iceberg_01_mesh"
	count=189
	transform="3267.589111 0.000000 125.350990 0.000000 0.698360 0.000000 0.715746 1.000000 1.000000 1.000000
3271.651123 0.000000 130.456131 0.000000 0.373014 0.000000 0.927826 1.000000 1.000000 1.000000
794.844421 0.000000 3447.264404 0.000000 0.784575 0.000000 0.620034 1.000000 1.000000 1.000000
1637.443237 0.000000 3352.380127 0.000000 0.331577 0.000000 0.943428 1.000000 1.000000 1.000000
1755.974365 0.000000 3364.307617 0.000000 0.867067 0.000000 0.498192 1.000000 1.000000 1.000000
1763.373291 0.000000 3359.521484 0.000000 0.113631 0.000000 0.993523 1.000000 1.000000 1.000000
2044.270508 0.000000 3211.458740 0.000000 0.930993 0.000000 0.365036 1.000000 1.000000 1.000000
1894.720825 0.000000 3379.312744 0.000000 0.886268 0.000000 0.463172 1.000000 1.000000 1.000000
1898.581665 0.000000 3464.351807 0.000000 0.599476 0.000000 0.800393 1.000000 1.000000 1.000000
1961.206665 0.000000 3397.606201 0.000000 0.927654 0.000000 0.373441 1.000000 1.000000 1.000000
1923.716309 0.000000 3430.168701 0.000000 0.363582 0.000000 0.931562 1.000000 1.000000 1.000000
1938.852783 0.000000 3425.669922 0.000000 0.796510 0.000000 0.604625 1.000000 1.000000 1.000000
1997.883423 0.000000 3437.558594 0.000000 0.436578 0.000000 0.899667 1.000000 1.000000 1.000000
2001.216431 0.000000 3428.943848 0.000000 0.763726 0.000000 0.645541 1.000000 1.000000 1.000000
1906.317383 0.000000 3505.222412 0.000000 0.631344 0.000000 0.775503 1.000000 1.000000 1.000000
1914.875244 0.000000 3502.185791 0.000000 0.096549 0.000000 0.995328 1.000000 1.000000 1.000000
1801.453857 0.000000 3564.834961 0.000000 0.483226 0.000000 0.875495 1.000000 1.000000 1.000000
1952.264404 0.000000 3523.899658 0.000000 0.877628 0.000000 0.479342 1.000000 1.000000 1.000000
1965.255371 0.000000 3556.906738 0.000000 0.073896 0.000000 0.997266 1.000000 1.000000 1.000000
1946.661499 0.000000 3523.468994 0.000000 0.108121 0.000000 0.994138 1.000000 1.000000 1.000000
2045.935669 0.000000 3532.061279 0.000000 0.297774 0.000000 0.954636 1.000000 1.000000 1.000000
1958.270874 0.000000 3559.922607 0.000000 0.277714 0.000000 0.960664 1.000000 1.000000 1.000000
1961.897095 0.000000 3558.543945 0.000000 0.383772 0.000000 0.923428 1.000000 1.000000 1.000000
2217.206787 0.000000 2606.824951 0.000000 0.818390 0.000000 0.574663 1.000000 1.000000 1.000000
2557.935791 0.000000 3023.701904 0.000000 0.671486 0.000000 0.741017 1.000000 1.000000 1.000000
2537.927490 0.000000 3151.373779 0.000000 0.148043 0.000000 0.988981 1.000000 1.000000 1.000000
2839.538086 0.000000 2860.505615 0.000000 0.501697 0.000000 0.865044 1.000000 1.000000 1.000000
2574.189453 0.000000 3030.115723 0.000000 0.798338 0.000000 0.602210 1.000000 1.000000 1.000000
2567.693115 0.000000 3025.504395 0.000000 0.203062 0.000000 0.979166 1.000000 1.000000 1.000000
2560.315430 0.000000 3020.097412 0.000000 0.870988 0.000000 0.491305 1.000000 1.000000 1.000000
2564.861816 0.000000 3021.626465 0.000000 0.916493 0.000000 0.400051 1.000000 1.000000 1.000000
2576.913574 0.000000 3026.241943 0.000000 0.776465 0.000000 0.630160 1.000000 1.000000 1.000000
2593.638184 0.000000 3040.440430 0.000000 0.329829 0.000000 0.944041 1.000000 1.000000 1.000000
2665.423340 0.000000 3026.093994 0.000000 0.685854 0.000000 0.727740 1.000000 1.000000 1.000000
2669.233887 0.000000 3019.569092 0.000000 0.229159 0.000000 0.973389 1.000000 1.000000 1.000000
2673.916504 0.000000 3011.461914 0.000000 0.905959 0.000000 0.423365 1.000000 1.000000 1.000000
2692.956787 0.000000 2983.354492 0.000000 0.281743 0.000000 0.959490 1.000000 1.000000 1.000000
2701.646240 0.000000 2977.933838 0.000000 0.347683 0.000000 0.937612 1.000000 1.000000 1.000000
2601.896973 0.000000 3050.184570 0.000000 0.885832 0.000000 0.464006 1.000000 1.000000 1.000000
2608.887695 0.000000 3075.031738 0.000000 0.048420 0.000000 0.998827 1.000000 1.000000 1.000000
2641.893799 0.000000 3063.470947 0.000000 0.894447 0.000000 0.447175 1.000000 1.000000 1.000000
2591.949707 0.000000 3140.896729 0.000000 0.372388 0.000000 0.928077 1.000000 1.000000 1.000000
3058.281250 0.000000 3093.225342 0.000000 0.268772 0.000000 0.963204 1.000000 1.000000 1.000000
3062.872314 0.000000 3096.490723 0.000000 0.117422 0.000000 0.993082 1.000000 1.000000 1.000000
2954.048096 0.000000 3152.140869 0.000000 0.444298 0.000000 0.895879 1.000000 1.000000 1.000000
2975.949707 0.000000 3140.896729 0.000000 0.853076 0.000000 0.521786 1.000000 1.000000 1.000000
2947.856934 0.000000 3156.712646 0.000000 0.492080 0.000000 0.870550 1.000000 1.000000 1.000000
2976.344482 0.000000 3144.958252 0.000000 0.648565 0.000000 0.761160 1.000000 1.000000 1.000000
2049.469238 0.000000 3217.673096 0.000000 0.130050 0.000000 0.991507 1.000000 1.000000 1.000000
2061.883301 0.000000 3211.621094 0.000000 0.269114 0.000000 0.963108 1.000000 1.000000 1.000000
2057.597900 0.000000 3213.000488 0.000000 0.426892 0.000000 0.904303 1.000000 1.000000 1.000000
2157.255371 0.000000 3274.484863 0.000000 0.814514 0.000000 0.580143 1.000000 1.000000 1.000000
2161.044678 0.000000 3268.293213 0.000000 0.809986 0.000000 0.586450 1.000000 1.000000 1.000000
2228.885254 0.000000 3214.876221 0.000000 0.160757 0.000000 0.986994 1.000000 1.000000 1.000000
2197.636475 0.000000 3217.627197 0.000000 0.418908 0.000000 0.908028 1.000000 1.000000 1.000000
2189.066650 0.000000 3272.825684 0.000000 0.883732 0.000000 0.467994 1.000000 1.000000 1.000000
2203.974365 0.000000 3251.338867 0.000000 0.210121 0.000000 0.977675 1.000000 1.000000 1.000000
2131.921631 0.000000 3300.419189 0.000000 0.538820 0.000000 0.842421 1.000000 1.000000 1.000000
2130.408936 0.000000 3304.503174 0.000000 0.320687 0.000000 0.947185 1.000000 1.000000 1.000000
2121.095459 0.000000 3344.565430 0.000000 0.035640 0.000000 0.999365 1.000000 1.000000 1.000000
2183.651123 0.000000 3293.581055 0.000000 0.151384 0.000000 0.988475 1.000000 1.000000 1.000000
2225.044678 0.000000 3381.261963 0.000000 0.947632 0.000000 0.319364 1.000000 1.000000 1.000000
2311.674561 0.000000 3243.555420 0.000000 0.873162 0.000000 0.487430 1.000000 1.000000 1.000000
2342.270752 0.000000 3221.016357 0.000000 0.858664 0.000000 0.512540 1.000000 1.000000 1.000000
2413.255371 0.000000 3274.484863 0.000000 0.440138 0.000000 0.897930 1.000000 1.000000 1.000000
2385.626221 0.000000 3224.818848 0.000000 0.852324 0.000000 0.523015 1.000000 1.000000 1.000000
2417.044678 0.000000 3268.293213 0.000000 0.872379 0.000000 0.488830 1.000000 1.000000 1.000000
2414.444580 0.000000 3270.971680 0.000000 0.899469 0.000000 0.436986 1.000000 1.000000 1.000000
2537.423340 0.000000 3195.547119 0.000000 0.767244 0.000000 0.641356 1.000000 1.000000 1.000000
2532.050049 0.000000 3199.414551 0.000000 0.062349 0.000000 0.998054 1.000000 1.000000 1.000000
2431.097656 0.000000 3315.482910 0.000000 0.857500 0.000000 0.514483 1.000000 1.000000 1.000000
2338.139648 0.000000 3334.304443 0.000000 0.223204 0.000000 0.974772 1.000000 1.000000 1.000000
2086.720947 0.000000 3492.281494 0.000000 0.706414 0.000000 0.707799 1.000000 1.000000 1.000000
2234.134033 0.000000 3416.526855 0.000000 0.839234 0.000000 0.543770 1.000000 1.000000 1.000000
2222.271240 0.000000 3426.351074 0.000000 0.925107 0.000000 0.379706 1.000000 1.000000 1.000000
2232.634766 0.000000 3424.851074 0.000000 0.257981 0.000000 0.966150 1.000000 1.000000 1.000000
2238.018555 0.000000 3414.957520 0.000000 0.064942 0.000000 0.997889 1.000000 1.000000 1.000000
2276.050049 0.000000 3425.352051 0.000000 0.864514 0.000000 0.502609 1.000000 1.000000 1.000000
2253.066650 0.000000 3442.278809 0.000000 0.468409 0.000000 0.883512 1.000000 1.000000 1.000000
2243.605225 0.000000 3412.339111 0.000000 0.416715 0.000000 0.909037 1.000000 1.000000 1.000000
2249.437988 0.000000 3446.364502 0.000000 0.613933 0.000000 0.789358 1.000000 1.000000 1.000000
2261.034912 0.000000 3542.748291 0.000000 0.414737 0.000000 0.909941 1.000000 1.000000 1.000000
2553.729980 0.000000 3429.852051 0.000000 0.903916 0.000000 0.427710 1.000000 1.000000 1.000000
2542.917725 0.000000 3410.377197 0.000000 0.400386 0.000000 0.916346 1.000000 1.000000 1.000000
2468.050049 0.000000 3481.836426 0.000000 0.437886 0.000000 0.899031 1.000000 1.000000 1.000000
2516.950195 0.000000 3454.716064 0.000000 0.159332 0.000000 0.987225 1.000000 1.000000 1.000000
2541.790771 0.000000 3458.885010 0.000000 0.009174 0.000000 0.999958 1.000000 1.000000 1.000000
2500.861816 0.000000 3473.501465 0.000000 0.875729 0.000000 0.482804 1.000000 1.000000 1.000000
2530.139648 0.000000 3447.273193 0.000000 0.688141 0.000000 0.725577 1.000000 1.000000 1.000000
2414.917725 0.000000 3523.345947 0.000000 0.671224 0.000000 0.741255 1.000000 1.000000 1.000000
2421.758057 0.000000 3521.395996 0.000000 0.942002 0.000000 0.335607 1.000000 1.000000 1.000000
2396.683105 0.000000 3515.465088 0.000000 0.333477 0.000000 0.942758 1.000000 1.000000 1.000000
2330.616699 0.000000 3564.725098 0.000000 0.352654 0.000000 0.935754 1.000000 1.000000 1.000000
2334.227295 0.000000 3563.072998 0.000000 0.569434 0.000000 0.822037 1.000000 1.000000 1.000000
2570.276367 0.000000 3183.732422 0.000000 0.729740 0.000000 0.683725 1.000000 1.000000 1.000000
2640.913574 0.000000 3195.695068 0.000000 0.469778 0.000000 0.882785 1.000000 1.000000 1.000000
2593.639404 0.000000 3362.615723 0.000000 0.212455 0.000000 0.977171 1.000000 1.000000 1.000000
2576.020752 0.000000 3376.806396 0.000000 0.528626 0.000000 0.848855 1.000000 1.000000 1.000000
2587.974365 0.000000 3364.307617 0.000000 0.615690 0.000000 0.787988 1.000000 1.000000 1.000000
2919.675293 0.000000 3217.898926 0.000000 0.908315 0.000000 0.418286 1.000000 1.000000 1.000000
2922.064209 0.000000 3214.448730 0.000000 0.069561 0.000000 0.997578 1.000000 1.000000 1.000000
2908.282227 0.000000 3256.505371 0.000000 0.284523 0.000000 0.958669 1.000000 1.000000 1.000000
2893.066650 0.000000 3272.825684 0.000000 0.384600 0.000000 0.923083 1.000000 1.000000 1.000000
2915.373291 0.000000 3246.552734 0.000000 0.642175 0.000000 0.766558 1.000000 1.000000 1.000000
2947.589111 0.000000 3175.507324 0.000000 0.270225 0.000000 0.962797 1.000000 1.000000 1.000000
2949.569092 0.000000 3167.142822 0.000000 0.886713 0.000000 0.462321 1.000000 1.000000 1.000000
2951.651123 0.000000 3237.096680 0.000000 0.786829 0.000000 0.617171 1.000000 1.000000 1.000000
2879.683594 0.000000 3289.134277 0.000000 0.048763 0.000000 0.998810 1.000000 1.000000 1.000000
2879.290771 0.000000 3276.498779 0.000000 0.811062 0.000000 0.584960 1.000000 1.000000 1.000000
2900.950195 0.000000 3285.262939 0.000000 0.017583 0.000000 0.999845 1.000000 1.000000 1.000000
2880.290283 0.000000 3310.458984 0.000000 0.443231 0.000000 0.896407 1.000000 1.000000 1.000000
2902.690430 0.000000 3304.110596 0.000000 0.918937 0.000000 0.394405 1.000000 1.000000 1.000000
2881.602295 0.000000 3306.467041 0.000000 0.510907 0.000000 0.859636 1.000000 1.000000 1.000000
2890.276367 0.000000 3296.701172 0.000000 0.682621 0.000000 0.730773 1.000000 1.000000 1.000000
2880.173096 0.000000 3277.918457 0.000000 0.031306 0.000000 0.999510 1.000000 1.000000 1.000000
2897.653076 0.000000 3284.563232 0.000000 0.266898 0.000000 0.963725 1.000000 1.000000 1.000000
2848.264404 0.000000 3410.930908 0.000000 0.551221 0.000000 0.834359 1.000000 1.000000 1.000000
2842.661621 0.000000 3410.500244 0.000000 0.502370 0.000000 0.864653 1.000000 1.000000 1.000000
2846.802246 0.000000 3445.607910 0.000000 0.826939 0.000000 0.562292 1.000000 1.000000 1.000000
2820.861816 0.000000 3473.501465 0.000000 0.676713 0.000000 0.736247 1.000000 1.000000 1.000000
2912.264404 0.000000 3467.415283 0.000000 0.552126 0.000000 0.833760 1.000000 1.000000 1.000000
2937.426514 0.000000 3462.945801 0.000000 0.300248 0.000000 0.953861 1.000000 1.000000 1.000000
2917.443359 0.000000 3465.348877 0.000000 0.277187 0.000000 0.960816 1.000000 1.000000 1.000000
2951.674561 0.000000 3413.008545 0.000000 0.258244 0.000000 0.966080 1.000000 1.000000 1.000000
2947.856934 0.000000 3439.134521 0.000000 0.240541 0.000000 0.970639 1.000000 1.000000 1.000000
2842.549072 0.000000 3543.344238 0.000000 0.072442 0.000000 0.997373 1.000000 1.000000 1.000000
2878.127197 0.000000 3519.471191 0.000000 0.143711 0.000000 0.989620 1.000000 1.000000 1.000000
2894.716309 0.000000 3511.764893 0.000000 0.694729 0.000000 0.719271 1.000000 1.000000 1.000000
2838.797119 0.000000 3559.490234 0.000000 0.206323 0.000000 0.978484 1.000000 1.000000 1.000000
2829.333984 0.000000 3562.844971 0.000000 0.618148 0.000000 0.786062 1.000000 1.000000 1.000000
3122.281250 0.000000 3093.225342 0.000000 0.670954 0.000000 0.741499 1.000000 1.000000 1.000000
3091.921631 0.000000 3074.481689 0.000000 0.563032 0.000000 0.826435 1.000000 1.000000 1.000000
3077.003174 0.000000 3086.284180 0.000000 0.531285 0.000000 0.847193 1.000000 1.000000 1.000000
3094.596680 0.000000 3070.687500 0.000000 0.355718 0.000000 0.934593 1.000000 1.000000 1.000000
3072.390625 0.000000 3093.706299 0.000000 0.396227 0.000000 0.918153 1.000000 1.000000 1.000000
3129.426514 0.000000 3124.039551 0.000000 0.570597 0.000000 0.821230 1.000000 1.000000 1.000000
3129.915771 0.000000 3117.355469 0.000000 0.597618 0.000000 0.801781 1.000000 1.000000 1.000000
3122.317383 0.000000 3109.831787 0.000000 0.764329 0.000000 0.644826 1.000000 1.000000 1.000000
3134.018555 0.000000 3132.535645 0.000000 0.812831 0.000000 0.582499 1.000000 1.000000 1.000000
3131.875732 0.000000 3120.846924 0.000000 0.563054 0.000000 0.826420 1.000000 1.000000 1.000000
3139.716309 0.000000 3147.746826 0.000000 0.336801 0.000000 0.941576 1.000000 1.000000 1.000000
3136.315430 0.000000 3133.066162 0.000000 0.797408 0.000000 0.603441 1.000000 1.000000 1.000000
3143.651123 0.000000 3180.612305 0.000000 0.815198 0.000000 0.579182 1.000000 1.000000 1.000000
3197.733887 0.000000 3253.819580 0.000000 0.569557 0.000000 0.821952 1.000000 1.000000 1.000000
3193.729980 0.000000 3260.398926 0.000000 0.519150 0.000000 0.854683 1.000000 1.000000 1.000000
3162.840820 0.000000 3246.313721 0.000000 0.616683 0.000000 0.787211 1.000000 1.000000 1.000000
3158.690430 0.000000 3247.626221 0.000000 0.660460 0.000000 0.750861 1.000000 1.000000 1.000000
3177.764648 0.000000 3247.933594 0.000000 0.807186 0.000000 0.590297 1.000000 1.000000 1.000000
3263.683594 0.000000 3289.134277 0.000000 0.939943 0.000000 0.341331 1.000000 1.000000 1.000000
3237.443359 0.000000 3295.895752 0.000000 0.551730 0.000000 0.834023 1.000000 1.000000 1.000000
3251.006592 0.000000 3284.538818 0.000000 0.580785 0.000000 0.814057 1.000000 1.000000 1.000000
3283.921631 0.000000 3300.419189 0.000000 0.255314 0.000000 0.966858 1.000000 1.000000 1.000000
3265.476562 0.000000 3282.552490 0.000000 0.748623 0.000000 0.662996 1.000000 1.000000 1.000000
3326.612305 0.000000 3327.734131 0.000000 0.043197 0.000000 0.999067 1.000000 1.000000 1.000000
3369.605957 0.000000 3370.059570 0.000000 0.790704 0.000000 0.612198 1.000000 1.000000 1.000000
3364.219971 0.000000 3372.735596 0.000000 0.450978 0.000000 0.892535 1.000000 1.000000 1.000000
3445.758057 0.000000 3464.911621 0.000000 0.755127 0.000000 0.655578 1.000000 1.000000 1.000000
3459.834473 0.000000 3389.064941 0.000000 0.546543 0.000000 0.837431 1.000000 1.000000 1.000000
3548.282227 0.000000 3425.958496 0.000000 0.044429 0.000000 0.999013 1.000000 1.000000 1.000000
3551.949707 0.000000 3423.318604 0.000000 0.275021 0.000000 0.961438 1.000000 1.000000 1.000000
3459.834473 0.000000 3445.549316 0.000000 0.715264 0.000000 0.698854 1.000000 1.000000 1.000000
3476.950195 0.000000 3454.716064 0.000000 0.350063 0.000000 0.936726 1.000000 1.000000 1.000000
3519.683594 0.000000 3458.587402 0.000000 0.406818 0.000000 0.913509 1.000000 1.000000 1.000000
3473.626221 0.000000 3450.756348 0.000000 0.408118 0.000000 0.912929 1.000000 1.000000 1.000000
3469.333984 0.000000 3449.876221 0.000000 0.463262 0.000000 0.886221 1.000000 1.000000 1.000000
3518.612305 0.000000 3497.187256 0.000000 0.650377 0.000000 0.759611 1.000000 1.000000 1.000000
3581.733887 0.000000 3479.757080 0.000000 0.879772 0.000000 0.475395 1.000000 1.000000 1.000000
3567.844482 0.000000 3452.657227 0.000000 0.296685 0.000000 0.954975 1.000000 1.000000 1.000000
3574.117188 0.000000 3452.568359 0.000000 0.344913 0.000000 0.938635 1.000000 1.000000 1.000000
3558.192871 0.000000 3451.253662 0.000000 0.697732 0.000000 0.716359 1.000000 1.000000 1.000000
3568.446289 0.000000 3456.377686 0.000000 0.510929 0.000000 0.859623 1.000000 1.000000 1.000000
3476.950195 0.000000 3511.200439 0.000000 0.819633 0.000000 0.572890 1.000000 1.000000 1.000000
3465.453857 0.000000 3508.350586 0.000000 0.312243 0.000000 0.950002 1.000000 1.000000 1.000000
3470.716309 0.000000 3511.764893 0.000000 0.268721 0.000000 0.963218 1.000000 1.000000 1.000000
3473.893799 0.000000 3515.345947 0.000000 0.253461 0.000000 0.967346 1.000000 1.000000 1.000000
3461.348877 0.000000 3510.473145 0.000000 0.449762 0.000000 0.893149 1.000000 1.000000 1.000000
3514.875244 0.000000 3502.185791 0.000000 0.700394 0.000000 0.713756 1.000000 1.000000 1.000000
3478.302246 0.000000 3507.085205 0.000000 0.873755 0.000000 0.486366 1.000000 1.000000 1.000000
3465.939697 0.000000 3517.319580 0.000000 0.696693 0.000000 0.717369 1.000000 1.000000 1.000000
3584.290283 0.000000 3479.912109 0.000000 0.615161 0.000000 0.788401 1.000000 1.000000 1.000000
3585.469238 0.000000 3500.094971 0.000000 0.062921 0.000000 0.998019 1.000000 1.000000 1.000000
3587.834473 0.000000 3502.033691 0.000000 0.874645 0.000000 0.484763 1.000000 1.000000 1.000000
3593.453857 0.000000 3508.350586 0.000000 0.636993 0.000000 0.770870 1.000000 1.000000 1.000000
3584.173096 0.000000 3503.855957 0.000000 0.864584 0.000000 0.502489 1.000000 1.000000 1.000000
4713.764648 0.000000 3473.871094 0.000000 0.432903 0.000000 0.901441 1.000000 1.000000 1.000000
4738.164551 0.000000 3464.918457 0.000000 0.935618 0.000000 0.353014 1.000000 1.000000 1.000000
4740.861816 0.000000 3473.501465 0.000000 0.018128 0.000000 0.999836 1.000000 1.000000 1.000000
4747.937012 0.000000 3478.316162 0.000000 0.156608 0.000000 0.987661 1.000000 1.000000 1.000000
4736.205078 0.000000 3467.965576 0.000000 0.618863 0.000000 0.785499 1.000000 1.000000 1.000000
"}
object={
	name="iceberg_generator_1_1"
	clamp_to_water_level=yes
	render_under_water=yes
	generated_content=yes
	layer="semidynamic"
	pdxmesh="iceberg_02_mesh"
	count=116
	transform="3277.333984 0.000000 117.298126 0.000000 0.971936 0.000000 -0.235247 1.000000 1.000000 1.000000
3269.348877 0.000000 121.410522 0.000000 0.990721 0.000000 0.135911 1.000000 1.000000 1.000000
790.797180 0.000000 3446.521484 0.000000 0.996598 0.000000 0.082411 1.000000 1.000000 1.000000
1439.273193 0.000000 3500.423340 0.000000 0.986469 0.000000 0.163949 1.000000 1.000000 1.000000
1425.114990 0.000000 3500.106689 0.000000 0.969283 0.000000 -0.245948 1.000000 1.000000 1.000000
1631.430420 0.000000 3343.350098 0.000000 0.903946 0.000000 -0.427646 1.000000 1.000000 1.000000
1625.550537 0.000000 3344.179443 0.000000 0.988045 0.000000 -0.154168 1.000000 1.000000 1.000000
1905.044556 0.000000 3381.261963 0.000000 0.999999 0.000000 -0.001121 1.000000 1.000000 1.000000
1886.599976 0.000000 3382.281738 0.000000 0.974560 0.000000 -0.224125 1.000000 1.000000 1.000000
1934.189453 0.000000 3425.506348 0.000000 0.968211 0.000000 0.250135 1.000000 1.000000 1.000000
1961.606079 0.000000 3426.543945 0.000000 0.987719 0.000000 0.156238 1.000000 1.000000 1.000000
1943.538208 0.000000 3425.349365 0.000000 0.965783 0.000000 0.259353 1.000000 1.000000 1.000000
1994.048218 0.000000 3434.562744 0.000000 0.967580 0.000000 -0.252564 1.000000 1.000000 1.000000
2007.759277 0.000000 3433.188232 0.000000 0.999067 0.000000 0.043179 1.000000 1.000000 1.000000
1910.803467 0.000000 3504.097412 0.000000 0.918655 0.000000 -0.395061 1.000000 1.000000 1.000000
1959.675415 0.000000 3556.805176 0.000000 0.829051 0.000000 -0.559173 1.000000 1.000000 1.000000
1970.569214 0.000000 3558.005127 0.000000 0.999956 0.000000 -0.009414 1.000000 1.000000 1.000000
2045.734009 0.000000 3536.241455 0.000000 0.918972 0.000000 -0.394322 1.000000 1.000000 1.000000
2202.661621 0.000000 2619.718994 0.000000 0.922219 0.000000 -0.386669 1.000000 1.000000 1.000000
2546.281250 0.000000 3149.709717 0.000000 0.998973 0.000000 0.045299 1.000000 1.000000 1.000000
2523.221924 0.000000 3152.669189 0.000000 0.995362 0.000000 -0.096202 1.000000 1.000000 1.000000
2532.176514 0.000000 3150.660156 0.000000 0.967426 0.000000 0.253154 1.000000 1.000000 1.000000
2823.674561 0.000000 2848.164795 0.000000 0.999243 0.000000 -0.038897 1.000000 1.000000 1.000000
2586.549072 0.000000 3034.984863 0.000000 0.830669 0.000000 -0.556767 1.000000 1.000000 1.000000
2569.424072 0.000000 3021.545654 0.000000 0.862817 0.000000 -0.505517 1.000000 1.000000 1.000000
2699.937012 0.000000 2969.956787 0.000000 0.979192 0.000000 -0.202938 1.000000 1.000000 1.000000
2691.834473 0.000000 2993.674316 0.000000 0.953321 0.000000 -0.301957 1.000000 1.000000 1.000000
2601.206787 0.000000 3058.699951 0.000000 0.962868 0.000000 0.269973 1.000000 1.000000 1.000000
2598.270752 0.000000 3051.563232 0.000000 0.926278 0.000000 -0.376842 1.000000 1.000000 1.000000
2605.233887 0.000000 3132.537842 0.000000 0.839956 0.000000 -0.542655 1.000000 1.000000 1.000000
3025.114990 0.000000 3104.716064 0.000000 0.961247 0.000000 -0.275689 1.000000 1.000000 1.000000
2944.354004 0.000000 3154.608398 0.000000 0.918122 0.000000 -0.396298 1.000000 1.000000 1.000000
2950.599365 0.000000 3159.741455 0.000000 0.882780 0.000000 -0.469786 1.000000 1.000000 1.000000
2948.956787 0.000000 3152.807617 0.000000 0.953864 0.000000 0.300240 1.000000 1.000000 1.000000
2970.549072 0.000000 3147.953613 0.000000 0.999279 0.000000 -0.037956 1.000000 1.000000 1.000000
2176.290283 0.000000 3197.490234 0.000000 0.955843 0.000000 0.293879 1.000000 1.000000 1.000000
2233.614258 0.000000 3215.506104 0.000000 0.975553 0.000000 -0.219764 1.000000 1.000000 1.000000
2135.827881 0.000000 3300.270508 0.000000 0.999601 0.000000 0.028255 1.000000 1.000000 1.000000
2119.651123 0.000000 3350.065430 0.000000 0.876003 0.000000 -0.482305 1.000000 1.000000 1.000000
2130.852783 0.000000 3369.185547 0.000000 0.968254 0.000000 0.249967 1.000000 1.000000 1.000000
2209.639404 0.000000 3306.131348 0.000000 0.963793 0.000000 0.266653 1.000000 1.000000 1.000000
2178.164551 0.000000 3295.465332 0.000000 0.958793 0.000000 0.284106 1.000000 1.000000 1.000000
2230.872314 0.000000 3378.912598 0.000000 0.994942 0.000000 -0.100454 1.000000 1.000000 1.000000
2361.786621 0.000000 3224.134277 0.000000 0.994526 0.000000 -0.104487 1.000000 1.000000 1.000000
2381.646240 0.000000 3260.355713 0.000000 0.979247 0.000000 -0.202671 1.000000 1.000000 1.000000
2557.733887 0.000000 3197.335205 0.000000 0.986882 0.000000 -0.161442 1.000000 1.000000 1.000000
2542.271240 0.000000 3200.413574 0.000000 0.994773 0.000000 -0.102114 1.000000 1.000000 1.000000
2501.569092 0.000000 3167.142822 0.000000 0.961502 0.000000 0.274800 1.000000 1.000000 1.000000
2557.935791 0.000000 3193.155029 0.000000 0.986432 0.000000 0.164169 1.000000 1.000000 1.000000
2532.219971 0.000000 3203.282471 0.000000 0.852121 0.000000 -0.523345 1.000000 1.000000 1.000000
2425.729980 0.000000 3373.367676 0.000000 0.868004 0.000000 -0.496557 1.000000 1.000000 1.000000
2554.134033 0.000000 3303.558105 0.000000 0.967496 0.000000 0.252888 1.000000 1.000000 1.000000
2432.073242 0.000000 3371.139648 0.000000 0.873553 0.000000 -0.486730 1.000000 1.000000 1.000000
2092.186279 0.000000 3493.255127 0.000000 0.995399 0.000000 0.095816 1.000000 1.000000 1.000000
2227.521729 0.000000 3417.071289 0.000000 0.980729 0.000000 -0.195373 1.000000 1.000000 1.000000
2223.152100 0.000000 3434.533203 0.000000 0.982418 0.000000 -0.186696 1.000000 1.000000 1.000000
2243.589111 0.000000 3401.444824 0.000000 0.871157 0.000000 -0.491004 1.000000 1.000000 1.000000
2249.888916 0.000000 3444.327637 0.000000 0.992999 0.000000 -0.118127 1.000000 1.000000 1.000000
2337.638184 0.000000 3435.831055 0.000000 0.897431 0.000000 -0.441154 1.000000 1.000000 1.000000
2559.419434 0.000000 3410.934570 0.000000 0.999899 0.000000 0.014235 1.000000 1.000000 1.000000
2542.271240 0.000000 3426.351074 0.000000 0.904486 0.000000 -0.426504 1.000000 1.000000 1.000000
2558.112061 0.000000 3432.981201 0.000000 0.988323 0.000000 -0.152371 1.000000 1.000000 1.000000
2544.887695 0.000000 3413.937988 0.000000 0.999864 0.000000 -0.016498 1.000000 1.000000 1.000000
2491.742432 0.000000 3483.223877 0.000000 0.991196 0.000000 -0.132404 1.000000 1.000000 1.000000
2393.550537 0.000000 3513.632568 0.000000 0.980577 0.000000 -0.196136 1.000000 1.000000 1.000000
2618.165039 0.000000 3185.675781 0.000000 0.971427 0.000000 -0.237339 1.000000 1.000000 1.000000
2638.124512 0.000000 3192.133789 0.000000 0.993017 0.000000 -0.117975 1.000000 1.000000 1.000000
2635.937012 0.000000 3195.894287 0.000000 0.991318 0.000000 -0.131483 1.000000 1.000000 1.000000
2562.164551 0.000000 3295.465332 0.000000 0.996613 0.000000 0.082238 1.000000 1.000000 1.000000
2588.282227 0.000000 3369.474121 0.000000 0.992503 0.000000 0.122223 1.000000 1.000000 1.000000
2591.949707 0.000000 3366.834229 0.000000 0.985732 0.000000 0.168324 1.000000 1.000000 1.000000
2926.444580 0.000000 3214.487305 0.000000 0.951572 0.000000 0.307426 1.000000 1.000000 1.000000
2881.469238 0.000000 3274.157471 0.000000 0.978377 0.000000 -0.206828 1.000000 1.000000 1.000000
2906.549072 0.000000 3260.922363 0.000000 0.927521 0.000000 -0.373770 1.000000 1.000000 1.000000
2893.883301 0.000000 3268.105469 0.000000 0.885451 0.000000 -0.464733 1.000000 1.000000 1.000000
2930.317383 0.000000 3222.800537 0.000000 0.973598 0.000000 0.228271 1.000000 1.000000 1.000000
2917.993652 0.000000 3249.172607 0.000000 0.870252 0.000000 -0.492608 1.000000 1.000000 1.000000
2939.875732 0.000000 3233.815674 0.000000 0.986622 0.000000 0.163024 1.000000 1.000000 1.000000
2909.536865 0.000000 3259.622559 0.000000 0.973028 0.000000 0.230688 1.000000 1.000000 1.000000
2945.476562 0.000000 3169.583740 0.000000 0.972733 0.000000 0.231928 1.000000 1.000000 1.000000
2911.430420 0.000000 3286.865723 0.000000 0.974004 0.000000 0.226530 1.000000 1.000000 1.000000
2889.453857 0.000000 3338.897461 0.000000 0.998012 0.000000 -0.063020 1.000000 1.000000 1.000000
2563.716309 0.000000 3430.168701 0.000000 0.999361 0.000000 0.035730 1.000000 1.000000 1.000000
2854.270752 0.000000 3390.469482 0.000000 0.985856 0.000000 -0.167596 1.000000 1.000000 1.000000
2816.315430 0.000000 3471.972412 0.000000 0.989617 0.000000 0.143731 1.000000 1.000000 1.000000
2918.465332 0.000000 3470.644531 0.000000 0.992340 0.000000 -0.123535 1.000000 1.000000 1.000000
2944.173096 0.000000 3447.371582 0.000000 0.815388 0.000000 -0.578914 1.000000 1.000000 1.000000
2879.683594 0.000000 3515.071777 0.000000 0.977015 0.000000 -0.213172 1.000000 1.000000 1.000000
2843.221924 0.000000 3548.059814 0.000000 0.894252 0.000000 -0.447564 1.000000 1.000000 1.000000
2842.661621 0.000000 3523.468994 0.000000 0.980112 0.000000 0.198445 1.000000 1.000000 1.000000
2838.596680 0.000000 3522.562500 0.000000 0.969232 0.000000 0.246147 1.000000 1.000000 1.000000
2842.844482 0.000000 3560.233154 0.000000 0.993962 0.000000 -0.109728 1.000000 1.000000 1.000000
3122.569092 0.000000 3106.130127 0.000000 0.933927 0.000000 -0.357464 1.000000 1.000000 1.000000
3135.419434 0.000000 3128.512695 0.000000 0.954619 0.000000 0.297829 1.000000 1.000000 1.000000
3135.097656 0.000000 3146.029785 0.000000 0.910481 0.000000 -0.413551 1.000000 1.000000 1.000000
3130.165039 0.000000 3129.191406 0.000000 0.999093 0.000000 0.042574 1.000000 1.000000 1.000000
3158.797119 0.000000 3220.583984 0.000000 0.915747 0.000000 -0.401755 1.000000 1.000000 1.000000
3173.993652 0.000000 3249.172607 0.000000 0.999883 0.000000 0.015308 1.000000 1.000000 1.000000
3192.579102 0.000000 3268.771729 0.000000 0.986517 0.000000 -0.163658 1.000000 1.000000 1.000000
3296.264404 0.000000 3297.962158 0.000000 0.826408 0.000000 -0.563071 1.000000 1.000000 1.000000
3311.365234 0.000000 3306.897461 0.000000 0.954554 0.000000 0.298039 1.000000 1.000000 1.000000
3280.310547 0.000000 3300.888428 0.000000 0.982586 0.000000 -0.185806 1.000000 1.000000 1.000000
3389.733887 0.000000 3366.788330 0.000000 0.973208 0.000000 -0.229928 1.000000 1.000000 1.000000
3380.449951 0.000000 3365.338623 0.000000 0.830976 0.000000 -0.556308 1.000000 1.000000 1.000000
3367.866699 0.000000 3374.281738 0.000000 0.986279 0.000000 0.165087 1.000000 1.000000 1.000000
3459.856934 0.000000 3382.650146 0.000000 0.999818 0.000000 0.019094 1.000000 1.000000 1.000000
3449.426514 0.000000 3462.945801 0.000000 0.988930 0.000000 -0.148386 1.000000 1.000000 1.000000
3478.797119 0.000000 3390.037109 0.000000 0.999463 0.000000 0.032752 1.000000 1.000000 1.000000
3498.134033 0.000000 3393.199951 0.000000 0.990633 0.000000 -0.136550 1.000000 1.000000 1.000000
3482.844482 0.000000 3390.780029 0.000000 0.996044 0.000000 0.088861 1.000000 1.000000 1.000000
3559.866699 0.000000 3430.766113 0.000000 0.917236 0.000000 -0.398345 1.000000 1.000000 1.000000
3581.935791 0.000000 3475.576904 0.000000 0.997322 0.000000 0.073138 1.000000 1.000000 1.000000
3510.803467 0.000000 3504.097412 0.000000 0.842384 0.000000 -0.538877 1.000000 1.000000 1.000000
3468.396729 0.000000 3514.539062 0.000000 0.904327 0.000000 -0.426841 1.000000 1.000000 1.000000
4702.773926 0.000000 3462.018555 0.000000 0.941948 0.000000 -0.335760 1.000000 1.000000 1.000000
4745.424316 0.000000 3473.420654 0.000000 0.921496 0.000000 -0.388387 1.000000 1.000000 1.000000
"}
object={
	name="iceberg_generator_1_2"
	clamp_to_water_level=yes
	render_under_water=yes
	generated_content=yes
	layer="semidynamic"
	pdxmesh="iceberg_03_mesh"
	count=108
	transform="3253.758057 0.000000 132.333496 0.000000 0.008770 0.000000 -0.999962 1.000000 1.000000 1.000000
3267.605225 0.000000 136.245331 0.000000 0.193504 0.000000 -0.981100 1.000000 1.000000 1.000000
798.802368 0.000000 3445.607910 0.000000 0.025316 0.000000 -0.999680 1.000000 1.000000 1.000000
1438.802368 0.000000 3502.092285 0.000000 0.492465 0.000000 -0.870332 1.000000 1.000000 1.000000
1434.844482 0.000000 3503.748779 0.000000 0.409928 0.000000 -0.912118 1.000000 1.000000 1.000000
1442.139526 0.000000 3503.757568 0.000000 0.606462 0.000000 -0.795112 1.000000 1.000000 1.000000
1502.802368 0.000000 3558.576660 0.000000 0.265423 0.000000 -0.964132 1.000000 1.000000 1.000000
1494.797119 0.000000 3559.490234 0.000000 0.522317 0.000000 -0.852752 1.000000 1.000000 1.000000
1951.273193 0.000000 3387.454590 0.000000 0.006144 0.000000 -0.999981 1.000000 1.000000 1.000000
1894.465210 0.000000 3470.644531 0.000000 0.082845 0.000000 -0.996562 1.000000 1.000000 1.000000
1897.764648 0.000000 3473.871094 0.000000 0.557372 0.000000 -0.830263 1.000000 1.000000 1.000000
1958.192993 0.000000 3394.769287 0.000000 0.162496 0.000000 -0.986709 1.000000 1.000000 1.000000
1913.786499 0.000000 3506.556152 0.000000 0.549249 0.000000 -0.835659 1.000000 1.000000 1.000000
1797.568970 0.000000 3562.533447 0.000000 0.355834 0.000000 -0.934549 1.000000 1.000000 1.000000
1954.040283 0.000000 3520.336182 0.000000 0.363692 0.000000 -0.931519 1.000000 1.000000 1.000000
1949.234741 0.000000 3525.739990 0.000000 0.268849 0.000000 -0.963182 1.000000 1.000000 1.000000
2046.127319 0.000000 3519.471191 0.000000 0.667052 0.000000 -0.745011 1.000000 1.000000 1.000000
2043.742432 0.000000 3539.708252 0.000000 0.233323 0.000000 -0.972399 1.000000 1.000000 1.000000
1965.901245 0.000000 3559.469971 0.000000 0.698486 0.000000 -0.715624 1.000000 1.000000 1.000000
2214.465332 0.000000 2623.378906 0.000000 0.102893 0.000000 -0.994692 1.000000 1.000000 1.000000
2554.134033 0.000000 3021.136230 0.000000 0.001994 0.000000 -0.999998 1.000000 1.000000 1.000000
2552.851562 0.000000 3025.284180 0.000000 0.495409 0.000000 -0.868660 1.000000 1.000000 1.000000
2529.638184 0.000000 3153.409180 0.000000 0.593707 0.000000 -0.804681 1.000000 1.000000 1.000000
2818.164551 0.000000 2843.590332 0.000000 0.676644 0.000000 -0.736310 1.000000 1.000000 1.000000
2590.600098 0.000000 3043.375488 0.000000 0.304642 0.000000 -0.952467 1.000000 1.000000 1.000000
2665.605957 0.000000 3031.153320 0.000000 0.353818 0.000000 -0.935314 1.000000 1.000000 1.000000
2616.634766 0.000000 3085.944824 0.000000 0.608991 0.000000 -0.793177 1.000000 1.000000 1.000000
2945.469238 0.000000 3161.188721 0.000000 0.247625 0.000000 -0.968856 1.000000 1.000000 1.000000
2162.281250 0.000000 3262.678467 0.000000 0.629988 0.000000 -0.776605 1.000000 1.000000 1.000000
2154.064209 0.000000 3270.933105 0.000000 0.070072 0.000000 -0.997542 1.000000 1.000000 1.000000
2193.114990 0.000000 3217.684814 0.000000 0.434842 0.000000 -0.900507 1.000000 1.000000 1.000000
2199.538086 0.000000 3255.896240 0.000000 0.014583 0.000000 -0.999894 1.000000 1.000000 1.000000
2126.124512 0.000000 3305.102539 0.000000 0.221885 0.000000 -0.975073 1.000000 1.000000 1.000000
2149.993652 0.000000 3305.656982 0.000000 0.517347 0.000000 -0.855776 1.000000 1.000000 1.000000
2135.538086 0.000000 3368.864990 0.000000 0.150119 0.000000 -0.988668 1.000000 1.000000 1.000000
2181.003174 0.000000 3312.221680 0.000000 0.063806 0.000000 -0.997962 1.000000 1.000000 1.000000
2313.424072 0.000000 3247.483154 0.000000 0.657686 0.000000 -0.753292 1.000000 1.000000 1.000000
2326.302246 0.000000 3224.663330 0.000000 0.028469 0.000000 -0.999595 1.000000 1.000000 1.000000
2493.524414 0.000000 3168.638428 0.000000 0.545795 0.000000 -0.837919 1.000000 1.000000 1.000000
2455.538086 0.000000 3199.411865 0.000000 0.748431 0.000000 -0.663213 1.000000 1.000000 1.000000
2552.634766 0.000000 3198.913574 0.000000 0.295133 0.000000 -0.955456 1.000000 1.000000 1.000000
2410.134033 0.000000 3280.231201 0.000000 0.427857 0.000000 -0.903846 1.000000 1.000000 1.000000
2334.773926 0.000000 3349.049805 0.000000 0.756414 0.000000 -0.654093 1.000000 1.000000 1.000000
2431.097656 0.000000 3371.967285 0.000000 0.769444 0.000000 -0.638714 1.000000 1.000000 1.000000
2447.347656 0.000000 3332.862305 0.000000 0.298390 0.000000 -0.954444 1.000000 1.000000 1.000000
2449.626221 0.000000 3337.787598 0.000000 0.749489 0.000000 -0.662017 1.000000 1.000000 1.000000
2239.683594 0.000000 3402.103027 0.000000 0.197977 0.000000 -0.980207 1.000000 1.000000 1.000000
2227.720459 0.000000 3426.934326 0.000000 0.360364 0.000000 -0.932812 1.000000 1.000000 1.000000
2255.347656 0.000000 3445.831055 0.000000 0.177477 0.000000 -0.984125 1.000000 1.000000 1.000000
2537.206787 0.000000 3397.606201 0.000000 0.145180 0.000000 -0.989405 1.000000 1.000000 1.000000
2488.634766 0.000000 3481.335449 0.000000 0.168770 0.000000 -0.985655 1.000000 1.000000 1.000000
2483.521729 0.000000 3473.555664 0.000000 0.592484 0.000000 -0.805582 1.000000 1.000000 1.000000
2474.064209 0.000000 3496.870605 0.000000 0.753655 0.000000 -0.657270 1.000000 1.000000 1.000000
2532.590088 0.000000 3455.553467 0.000000 0.631219 0.000000 -0.775605 1.000000 1.000000 1.000000
2520.358154 0.000000 3454.057861 0.000000 0.607924 0.000000 -0.793995 1.000000 1.000000 1.000000
2410.581543 0.000000 3520.836182 0.000000 0.682300 0.000000 -0.731072 1.000000 1.000000 1.000000
2390.003418 0.000000 3515.733643 0.000000 0.137111 0.000000 -0.990556 1.000000 1.000000 1.000000
2618.875244 0.000000 3219.763916 0.000000 0.029493 0.000000 -0.999565 1.000000 1.000000 1.000000
2659.530762 0.000000 3270.197998 0.000000 0.788402 0.000000 -0.615160 1.000000 1.000000 1.000000
2574.146729 0.000000 3297.947266 0.000000 0.004107 0.000000 -0.999992 1.000000 1.000000 1.000000
2686.127197 0.000000 3293.533691 0.000000 0.707243 0.000000 -0.706971 1.000000 1.000000 1.000000
2644.950195 0.000000 3341.747314 0.000000 0.046523 0.000000 -0.998917 1.000000 1.000000 1.000000
2662.270752 0.000000 3333.985107 0.000000 0.326720 0.000000 -0.945121 1.000000 1.000000 1.000000
2932.449951 0.000000 3195.885498 0.000000 0.143283 0.000000 -0.989682 1.000000 1.000000 1.000000
2894.716309 0.000000 3285.827393 0.000000 0.725149 0.000000 -0.688592 1.000000 1.000000 1.000000
2885.569092 0.000000 3336.595947 0.000000 0.564028 0.000000 -0.825756 1.000000 1.000000 1.000000
2565.003174 0.000000 3425.190430 0.000000 0.771838 0.000000 -0.635819 1.000000 1.000000 1.000000
2855.675293 0.000000 3443.836426 0.000000 0.605905 0.000000 -0.795537 1.000000 1.000000 1.000000
2922.581543 0.000000 3464.351807 0.000000 0.636440 0.000000 -0.771326 1.000000 1.000000 1.000000
2947.834473 0.000000 3445.549316 0.000000 0.686822 0.000000 -0.726826 1.000000 1.000000 1.000000
2847.273193 0.000000 3556.907715 0.000000 0.453030 0.000000 -0.891495 1.000000 1.000000 1.000000
2839.427979 0.000000 3551.026611 0.000000 0.222343 0.000000 -0.974969 1.000000 1.000000 1.000000
3108.050049 0.000000 3086.445801 0.000000 0.600615 0.000000 -0.799539 1.000000 1.000000 1.000000
3081.163818 0.000000 3089.457031 0.000000 0.798523 0.000000 -0.601964 1.000000 1.000000 1.000000
3121.044678 0.000000 3098.840088 0.000000 0.158804 0.000000 -0.987310 1.000000 1.000000 1.000000
3113.605957 0.000000 3087.637695 0.000000 0.360381 0.000000 -0.932805 1.000000 1.000000 1.000000
3126.117188 0.000000 3113.662109 0.000000 0.765792 0.000000 -0.643088 1.000000 1.000000 1.000000
3136.290283 0.000000 3141.005859 0.000000 0.202882 0.000000 -0.979203 1.000000 1.000000 1.000000
3188.449951 0.000000 3252.369873 0.000000 0.777056 0.000000 -0.629431 1.000000 1.000000 1.000000
3187.720459 0.000000 3257.481201 0.000000 0.772851 0.000000 -0.634587 1.000000 1.000000 1.000000
3226.616699 0.000000 3282.303223 0.000000 0.153936 0.000000 -0.988081 1.000000 1.000000 1.000000
3263.290771 0.000000 3276.498779 0.000000 0.710457 0.000000 -0.703741 1.000000 1.000000 1.000000
3250.317383 0.000000 3279.284912 0.000000 0.737222 0.000000 -0.675651 1.000000 1.000000 1.000000
3267.589111 0.000000 3288.476074 0.000000 0.770490 0.000000 -0.637452 1.000000 1.000000 1.000000
3324.270508 0.000000 3324.427490 0.000000 0.136885 0.000000 -0.990587 1.000000 1.000000 1.000000
3302.465332 0.000000 3301.191406 0.000000 0.092641 0.000000 -0.995700 1.000000 1.000000 1.000000
3286.596680 0.000000 3296.625000 0.000000 0.702442 0.000000 -0.711741 1.000000 1.000000 1.000000
3353.924805 0.000000 3385.818604 0.000000 0.397144 0.000000 -0.917756 1.000000 1.000000 1.000000
3391.097656 0.000000 3371.967285 0.000000 0.442042 0.000000 -0.896994 1.000000 1.000000 1.000000
3333.348877 0.000000 3341.020020 0.000000 0.105244 0.000000 -0.994446 1.000000 1.000000 1.000000
3361.638184 0.000000 3379.346680 0.000000 0.206939 0.000000 -0.978354 1.000000 1.000000 1.000000
3337.939697 0.000000 3347.866455 0.000000 0.518938 0.000000 -0.854812 1.000000 1.000000 1.000000
3415.427979 0.000000 3381.573486 0.000000 0.083948 0.000000 -0.996470 1.000000 1.000000 1.000000
3412.194824 0.000000 3378.490967 0.000000 0.143531 0.000000 -0.989646 1.000000 1.000000 1.000000
3415.759277 0.000000 3376.703857 0.000000 0.614450 0.000000 -0.788956 1.000000 1.000000 1.000000
3457.469238 0.000000 3387.126221 0.000000 0.268830 0.000000 -0.963188 1.000000 1.000000 1.000000
3561.605957 0.000000 3426.543945 0.000000 0.380124 0.000000 -0.924936 1.000000 1.000000 1.000000
3533.467529 0.000000 3461.102051 0.000000 0.565529 0.000000 -0.824729 1.000000 1.000000 1.000000
3565.790771 0.000000 3458.885010 0.000000 0.587469 0.000000 -0.809246 1.000000 1.000000 1.000000
3520.522217 0.000000 3461.249023 0.000000 0.565018 0.000000 -0.825078 1.000000 1.000000 1.000000
3469.467529 0.000000 3517.586426 0.000000 0.114839 0.000000 -0.993384 1.000000 1.000000 1.000000
3463.651123 0.000000 3519.518555 0.000000 0.500501 0.000000 -0.865736 1.000000 1.000000 1.000000
3462.798828 0.000000 3516.298340 0.000000 0.622596 0.000000 -0.782544 1.000000 1.000000 1.000000
3478.797119 0.000000 3559.490234 0.000000 0.732564 0.000000 -0.680698 1.000000 1.000000 1.000000
3523.834473 0.000000 3558.518066 0.000000 0.205966 0.000000 -0.978559 1.000000 1.000000 1.000000
3529.437988 0.000000 3559.333252 0.000000 0.227436 0.000000 -0.973793 1.000000 1.000000 1.000000
3605.636475 0.000000 3500.049072 0.000000 0.266037 0.000000 -0.963963 1.000000 1.000000 1.000000
4737.602051 0.000000 3475.920166 0.000000 0.728057 0.000000 -0.685517 1.000000 1.000000 1.000000
"}
